32035
1403788
34300
130028
405
433233
113
385
38449
1052775
39281
106007
3794
372815
10452
6614
414852
1311227
557707
1601787
43129
97655
78611
112221
158154
315740
311942
375848
6256
441152
15334
13831
11603
1186389
11500
50866
39720
527990
178726
258120
8206
167476
15709
15019
5
468398
130
80
1
375305
1
1
205
349949
878
1159
8046
701273
27162
26615
23701
228108
56500
50293
97
615107
189
125
535
715648
3696
1089
19218
86887
38309
25554
1467
1195723
2366
4603
2167
100831
1863
3671
504
446170
114
414
873
601800
8496
8887
11426
357348
139705
247808
1
440857
1
1
1
626493
1
1
9
1398736
16
37
1
369902
1
1
2933
585659
13761
10664
45
147161
71
50
4652
438219
2644
18035
1956
275980
393
967
100863
379768
28695
79105
55486
1970757
92171
261214
36910
457483
150946
245057
662
158926
607
509
73370
512579
20914
59693
9640
405902
16360
16335
181790
364542
331718
380603
45038
358298
143273
190497
124702
483094
237397
166165
18682
743096
53280
76382
5365
99405
13723
13014
30894
389450
297092
212624
53606
126262
139050
73996
23623
592948
42780
56842
1503
436563
7329
7128
1876
2354184
1747
8591
3606
686534
11862
23721
1
1138533
1
1
1038
523534
15668
20980
5764
1539395
7192
14649
1540
1577231
1375
3646
3570
126814
3059
1901
22188
542934
50461
53350
176
192589
7016
2278
1695
253045
40999
14718
1
41
276
1
2
139285
135
15
8
528249
278
82
1
22
3034
1
33687
2206
5881235
80158
34843
30446
23671235
144779
127
133785
11040
823
637
361032
8068
8889
1
55
2890
1
1
1
1571
1
15
3574
14286
139
44
98467
3368
365
925
67095
3933
2453
35
46459
3540
58
511
241025
7784
3602
1327
99
25396329
9721
366
385622
3359
2375
1339
187743
23003
5321
280
425269
5639
2985
1
3
907
1
43
24157
16616
507
197
75266
7072
903
1
126
7229
2
10
59648
1439
79
375
29
23652928
3569
237
334420
2958
2813
1
16
13
1
1
65
501
1
1
39313
19
1
1
1400
5742
8
115
40734
13803
1023
95
13
31974637
1669
123
45678
11293
423
3
1464
7131
20
75
20382
1015
300
58
26369
36531
271
688
477444
15394
8852
509
166485
21852
6201
73726
29559
28273003
316320
1042
192
21675271
5251
4
257
8343
74
1373
241
26786559
29479
1
47
4832
2
1
213
13560
4
45
37774
1477
113
5
25152
940
18
102
606541
3194
1668
1
7357
44
1
8
40068
40
26
819
199
6620443
1428
122
147819
3859
1740
108
283620
6512
1087
2
592
16763
8
50
1
7869
1
289
127235
671114
13527
1730
1
3085
4
619185
238
150456
27951
1988
22
5888
59
32250
1601
28401
4780
110
2
31601
85
10385
118363
15854759
783095
852060
122
63264
9587
71868
1
4
3
64869
2660
3463
3219
569316
1154
19838
18262
646535
1
152
8
52084
29
219320
1158
5
1
597
1
69
1
1015
1
227911
2243
24700
21786
33
1
64
16
47411
421
4221
682
214880
4494993
5018730
6109151
87555
1
6
3
2949471
480
77130
61015
288561
2959
22178
21528
715069
3265
12539
8775
376624
1
28
2
584503
5
12205
95
8201
1
44
2
419
79597
822496
26028
6504204
2620715
220789825
168733687
5016
1
186
3
1568
7
303153
211
345280
1892823
16036200
11045571
6
1
779
1
730
160538
691581
45721
198278
4
30
29
3153
125
4348
157
2
389
870760
176
1016
114
219191126
29355
1345
45
1408
46
1
1
307
1
65
1
268471
1
279
4476
12565469
4635
31
1
10498
1
4080
52
12
6
45884
349
2621
646
67896
117
1829
304
20
80
20303847
201
902599
254
75585
28886
1
1
11
1
9014
92201
16586032
848699
349322
2014607
19644417
11923779
118310
207
12539
3437
953
5965
3084521
6453
212446
499
3948
4146
56579
750
1109
1002
105095
216
193
248
38820
1
7
1
333538
2754
3342
2615
296
1950
2599836
1854
1259
1
42
1
14856
5
1144
17
28582
234552
2905430
272434
3896
36819
2229905
26087
2752
19
3943
18
82144
2775
12145
7783
600
147
16
5
21652
70
1571
34
91522
4
15
4
3
175
1913711
188
15
130
2632480
189
1
1
2054743
1
1463
1
1086
2
1
1
243
1
44420
3
7
3
787
76
730
5
1
1
26
1
1666
4034
8971189
10775
623470
26
59
24
64567
3223
4097
3942
24953
52
690
55
1160
1
115
1
797207
53
91
50
464271
5152
5671
4649
23472
14
214
14
294
1
1248
1
265
3778
2551348
4498
117461
27
236
84
455
1
473
1
31434
573
1721
549
62347
164
616
195
7
1
1308
1
1
1
52
1
70510
1511455
1902822
1050281
4062
2
397
4
14
1
498
1
15251
141144
2262904
117371
18587
52
6188
185
17106
779
2224
691
255911
1
13
1
2
1
10075
1
66799
41
82
31
166037
1506965
2232705
1537440
2562
18015
2276637
14463
12725
60738
2873676
63101
1
1
9
1
21931
5
10
5
11527
2
49
2
165768
200
980
287
279
1
20
1
9
1
576
1
15794
705121
27919
62067
881454
5862742
687060
5101209
5449
5159757
13944
123732
97
39020783
11
1423
617
128379
63392
3619
172152
482509
120736
399584
23
4694257
30
680
2
126876
65
22
86952
1368250
173006
540266
1
3757410
1
1
16309
9710365
30016
107679
1385911
9086768
52904
3121080
14303
4943369
28563
89019
26
2715096
30
868
13
3705226
9
228
790
105648
5289
3581
19737
6462021
13884
180655
51
3037197
41
1602
3272173
9765471
135424
7372258
1
2824244
1
1
102
2070347
827
668
118538
3674296
175244
664889
4223
612552
39971
26535
154882
2772239
187189
1426037
2879002
38576122
1733165
20218170
3822
7986128
6168
15830
2973726
39176666
323759
21749935
3984
10271570
5889
52259
40665
587682
94674
114934
9460
812111
94434
69606
2
7437722
1
2
1087687
39464487
132164
7776171
29
1884528
9
41
15704
5991743
9454
77047
1586745
43019680
187920
23925485
31669
924495
21657
77900
5486
1823405
50938
29726
10511
1307553
105478
81567
41782
6836861
22993
375639
16541
7900935
20765
250622
53340
6361830
50722
153875
66612
47230068
5964
432217
161288
1703208
391268
1252679
440153
49600914
56983
3929976
7
5966740
3
16
4132
241427
2072
2266
137
3293413
79
5320
105
17206864
229
1602
75
127297
3613
1069
7
18154
13
9
59121
841536
36501
222951
1613942
53566020
273019
10890211
343
42169385
20
6428
4327
598467
21257
21015
723484
39777985
142920
2980574
222445
85
99434
3584
112557
205123
21100035
1345679
146966
6
11649
941
43527
20
128
66
2101
102
82
28
193332
27
1633
185
1366
1
18791
13
94
204
16261542
2702
13
1
278
1
91834
57272
90003579
849986
25
1
5099
1
2390
1
19
1
49
1
15102
2
632248
3457343
18590453
19951050
2143753
8
3690
735
267
1
20366
1
1099824
46
27289
7503
8373
1
453
1
21928
1
5
1
1
10
172110
1
1335
32
872
17
53891
211861
37242210
1216061
105
1
9656
1
382780
506838
68776448
9261089
1388764
182
1480
1359
1457967
35
1162
1006
623013
399
19139
4249
527120
50
78039
2003
850958
81
2338
792
7763
5511
68841861
54408
313424
75
7594
1128
280896
3248717
3098274
3121957
1600252
1
2617
28
3
1
17
1
187805
81
284092
7264
583548
786591
59734862
12901990
8275
1
2801
1
1
1
24766
1
224093
122493
66615266
2375135
287368
373284
29031503
1473549
163836
84
311392
9720
24593
2
1884
29
1720130
123
7876
2913
19321
1669503
1014019
532598
102
6201
3241261
2600
11923
44526
4472336
81442
635802
337538
225086770
13182665
2
1
30
1
2331330
2026841
6748243
8448116
187772
192
169140
1693
371606
297
36857
2294
2766457
1725528
62281340
48820496
33652
22
53
17
11397
2
922
11
33604
212
7111
527
195408
1697
384
259
1
1757253
600042
374515
90650
8185
608
27
75479
1081
356403
15601
39
1
456875
3
3996
870035
3
568033
86126
23684
1
26923
14028
18656
10385
333787
1
6
6
242439
110956
90
1
5
18
5
1
32
38601
59867
1
50
101664
587
170284
1
1
1805711
307216
5100
442520
159674
15217
107
2418977
6
54
3196
468687
44027
19612
13032
9466202
3194
65207
5335364
57726954
148588
8320366
228376
1533218
881171
752669
1
741803
3
3
36837
1291871
77293
112463
524
66472
1594
835
370
103615
12723
2958
1
84881
2
2
32450
844399
62468
86957
455756
47279945
35825
1485000
18995
65502
70773
29137
81595
1319069
23341
93337
1263190
4705924
81789
2566083
1
5671381
1
2
62881
11782458
17303
533726
2
3428353
1
2
17516
6491261
28979
191863
45770
834192
17299
67809
2851
19387352
395
9105
12
10325480
1
8
239
13430441
47
4293
3177
522933
3709
7723
56449
9655992
45059
235860
20518
62883956
902
45700
615
14542423
914
3731
15593
2935855
4582
40770
679608
37070376
50862
4255116
512
2434786
78
425
2758876
12660842
450887
3558494
36072
14733657
8195
276763
471231
11887687
76455
1609334
95319
56705294
10608
342379
151997
2970248
21632
334925
1568204
14303764
461284
9783339
10
33650701
1
32
659198
34191808
33185
2639147
2380636
31758660
164295
13582513
85167
841787
14284
120746
150
250803
182
224
133415
16921125
12233
386473
21329
3838073
12155
79796
1
125659
22
1
294664
292630
122148
160417
3398
3705977
700
8411
3573
17322744
434
6759
53113
10631303
604
39038
2584455
24359226
459866
10703849
333412
9829814
5086
332247
7
177739
7
10
33412
12098541
11460
91667
474196
15569882
95678
1823360
9272
467495
63948
60048
48853
1007
489110
2918
378516
5685
939
506959
3887
4476
2741
10744546
6
8577072
1
344534
1
18
24014833
12
2
34
8537
8
157989
5
530362
58
7
143311
290
51
259
2845539
2251334
40412200
72811
377529
234473
4236367
36397813
19956402
186129
18467623
4011418
544364
45890131
7948
379214
55755
474576
39819683
7219458
63282
6519522
178440
926
2760822
351
614944
2318
901
2443114
13605
1621
13341
2656632
3044952
41427688
105480
564591
248590
2830150
37948792
24557224
237223
24028758
3316210
347151
53182036
6853
678488
110310
412267
56576579
6872420
67908
6782023
2065910
57
6783689
2
545083
37
52
5727419
1466
32
1487
2666513
23055
5291167
49447
2262825
62233
69667
18281747
169616
178256
494366
11560
2118
17869
19121
90175
22609
1401
15922
2108
14732
2137
214359
55147
3780411
16912
524792
75169
39279
3286594
623979
119962
573082
185697
226421
1949684
59815
378513
810661
125853
2082717
2096981
362700
1873334
8351
3008
114474
30162
637537
194881
3659
111730
48795
188997
57065
675596
452758
7842973
45401
698015
325024
571161
7407590
7545724
467018
7141333
907443
4662
2859582
2463
1292849
8760
14206
8807240
80503
32063
225466
2639138
128094
9046092
3999
142437
7240
93837
9319135
791698
6130
221520
1702599
452
4004554
546
998778
711
1236
11619963
3110
2107
9071
189654
201955
2843145
85843
476268
304641
195517
3263388
2721292
482156
2881932
72104
21159
497308
183172
374886
329074
18863
582929
263420
493500
264891
56478
2
214255
75
1117630
91
4
666128
8
171
16
2874194
37983
37398071
1257
352107
4090
33379
39031679
515123
3680
430466
21199
611
55430
2244
169047
3592
376
45830
1465
3156
1064
251825
26360
3183498
36451
343240
46559
15526
2860047
314319
41480
273843
283460
169
4952314
8
350139
102
140
4609212
2641
360
2813
3522533
355
8910526
5
126401
11
261
8240729
2343
7
2281
329584
307503
3479699
47842
330072
333771
582696
3781607
3696336
2156572
3823576
2655224
655857
44750277
16315
419581
110645
563932
45935961
8160569
86301
7384716
346150
136436
838252
47435
107527
47864
101418
912079
292226
65281
255446
180071
576
3144778
300
490050
725
652
3538545
24278
591
26076
692749
106121
670666
317457
299174
48422
1181668
2002891
424371
190473
1234878
8673923
231
38267859
31
2311106
79
612
112310081
2919
240
8009
1030337
46
4257914
20
955687
41
150
13566565
504
161
1681
3756750
52909
61739235
3411
371175
9724
56461
45655184
585330
7825
477847
584871
50
6444973
25
268951
52
60
5846260
469
40
437
148191
4264
1721874
1337
594245
7287
2853
2447083
22862
5154
19458
3351760
1550
8021424
33
112143
45
445
8852585
1056
12
1012
176810
45455
597446
137865
2705430
495134
103468
1798277
262201
878655
857952
3152437
78
43125675
3
396510
40
77
47357354
1127
42
1115
119430
4094
244475
2520
119409
4978
7758
307406
9387
7375
10545
3478922
320
46195699
22
399607
112
282
43722723
2091
96
1870
4270049
1438281
7674914
88506
151478
47750
1597332
9100978
1873010
50894
2032292
481354
175
4501605
35
362133
218
174
5359067
1822
219
2103
62298
145870
481904
104743
444113
600580
113664
487007
727165
636397
538035
948739
19883
4833407
9853
1475574
41703
51045
15185640
190593
78276
624567
490866
11
1840386
93
1148827
93
30
5219469
461
277
1347
841314
135
6842395
31
397870
167
128
6190704
862
192
856
304304
61
5962475
18
593538
94
58
5456964
394
95
356
10345
354
130342
31112
742428
119002
348
110770
1985
66387
1839
3205903
138276
42542278
1918
314820
14044
220476
40090198
1546601
12523
1398138
209988
217686
3615843
288961
411137
489994
209795
3440434
2655321
839993
2556168
614675
3518
6823290
401
465533
2104
2360
6229214
27588
1539
26579
538282
12
1975940
17
1422339
31
28
8263345
42
109
128
210315
57229
203403
172574
305156
148812
186406
551739
161929
291599
551952
1847693
1361
8295442
2815
1139075
2072
4742
26272364
6197
8017
21757
36622
51626
1
64552
1
3
42832
1
1
1
1
25
2
1
15701
5439
12
23
1
1
485
2
13750
5010
76190
175189
10260784
2128599
11880
431966
76656
9164666
367172
16
26
2
46233
4955
4517
11
2
2
5007
2
5917
723
2
690889
3199
284
6330
22
2
3082
20
2102
2312
1
80269
62
49
1487
1
1
60
1
5341
199
2
3461050
109347
1276
4399
81
2
95734
71
180767
50080
109
454088
4705
277
213542
979
115
4486
1040
565
733
1
250423
278
51
556
1
1
326
1
45301
908
25503
2768840
222658385
2487883
34103
2571728
26648
213445453
2492818
3553129
299052
3293
7906997
344548
14117
11350273
176307
11523
961808
522732
146674
94443
1643208
196920
9738832
2488420
160817
9279532
1856386
10303994
9545767
23426
79353
1091019
289084
2994348
9526789
55622
1174940
2697575
8762648
3516183
778
10
373
3109839
207576916
2525426
710
41370
319
212852123
39402
45561
136834
82
341967
1652
3303
156282
155
288
5008
444
47945
89190
609
1124325
41337
20229
189786
4592
1445
121182
13274
90535
7049
3
3720073
7493
126
103136
178
5
6954
161
1685712
41591
118
4547180
37514
407
1604924
10233
94
38677
8467
154639
513061
8
882486
153
59
587924
47
22
466
134
6025
2792
92121
196393
10082948
2212235
5576
373823
83338
10521598
359111
2709409
57227
2103025
3549006
223496358
2456538
2693372
202278614
2405554
209302940
198551331
25720
953
1
3677731
148
2
33903
2
1
154
3
5453
6419
12
935499
21216
6944
16039
25
30
68634
71
45
6
1
519872
14597
1013
37
1
1
14354
1
500635
176964
171
478057
4035
280
438089
1737
204
3762
1782
230110
150319
1800
990730
10626
3993
525135
10438
3590
32653
30921
474388
140571
139
338525
2009
294
335030
1590
162
2129
1553
6577438
32910
1690771
2922510
232126106
2252550
3564892
181245273
1481802
198466463
173324517
1
1
9
55968
2214732
2354717
1
10
9
2301109
8
3005
1241
3
320329
8935
966
1707
9
4
8129
10
261940
8682
311
3845270
165488
2055
274926
13547
266
157452
13880
2128
12
2
3977512
17346
201
2107
927
3
19704
1071
19205
2380
24261
13350335
218021412
9689143
63274
978730
49544
625723914
2972961
2806599
430381
4490
11885437
406101
18099
6009495
247099
15985
1288165
748395
2414821
55209
89
3906202
5465
43
2850597
5406
38
5682
5557
31
8
1
232865
374
56
29
1
1
396
1
261396
93999
1211
319502
17261
2216
286237
8014
1592
19189
8159
71557
220740
840593
143178
2606487
5784690
83694
808921
3771217
7251730
2466848
1143
21
1
2782092
32923
282
783
21
1
31243
24
154557
84764
3121366
153108
15387289
2430123
699816
13878881
2264242
15305708
14115759
401
6
172
10103878
210230505
6238300
1339
36740
365
738086675
108886
356585
9541
128
3420112
119126
1405
470301
13195
158
123114
14689
1675
1533
12
112832
3479
1238
1455
27
10
3674
23
807
72
3
177735
2486
355
803
89
6
2360
99
1078
789
44
24867
1669
2864
940
93
54
1614
98
227967
582099
518
1509638
13416
3259
680150
4011
1584
42475
12256
21
3
1
520824
35
3
21
1
1
31
1
115511
38282
304
209020
2271
1315
110810
585
360
2402
801
49
11
1
2023762
64
19
145
1
1
186
1
18
1
1
8583387
234554
8930
50
2
1
662904
5
178
9827
15
27283
152
2418
451
2
46
497
6
32
2
1
641568
8921
790
36
3
1
9452
3
15817
22284
58
168963
3134
915
17371
279
61
3196
767
17312
721
8990
3697676
218723572
2618529
17774
655969
9239
203409604
689564
18
7
1
73489
62
28
15
1
1
62
1
43435
17
10775
150013
38174945
19091
1455
628712
150
2898716
30546
1444
106270
19233
2856453
632111
29129949
114761
22527
1241156
52989880
2475116
6490
3
8391
605
3544416
508
19
50483
18
9215
251
195
1
23
55004
48896488
8053
8
4450
1
952923
238
313306
157055
44836
255812229
48831827
30156348
11234238
2614639
1531627
4816428841
240285821
123180
98
206496
329
1770749
797
241
1459184
456
4602
1508
15157
45122
8681
33871769
6653844
23710294
461435
84187
426555
622118364
7704210
283085
2201166
201058
9746142
509503
6010791
9058349
625847
4856443
33559437
27271021
352
2
376
1037
4568290
1033
142
7738
43
23776
5938
209316
314
225438
17120
7315121
16404
1981
1260118
2621
340080
25661
935976
1137
334540
15251
6437271
10269
16402
6310741
10207
245799
245546
642
2
8317
97
581070
543
2
7980
22
1930
30
1432
41044
4098
2621283
456643
23672995
52706
8285
283340
37308606
446315
700
1864
74
228106208
37683711
23963799
109206
22272
8435
4023252960
3571879
2967101
5798
83573
632716
9463264
16607
593137
7982290
16664
2088270
2033261
192
1
35
3923
40751372
495
11
5478
2
60685
288
8226
1382
242381
447
108831
18815
479
95841
8036
9047
9528
1662
1
4572
140
1847445
489
16
22838
26
3812
703
4535887
497
443060
42842
40242371
5327
49844
38460941
6238
861562
910205
1603
1
2418
1097
1581824
3382
2
17700
4
16623
23
50968
1
7480
3
46798822
1
1
668445
1
60
3
7740
2
275
8227
7824135
230
78
12521
2
22022
109
276212
22
344471
702
4445466
367
667
4859768
382
19966
20015
703
1
44
3997
37753356
432
6
15087
1
66662
99
1429
7
4806
4807
4825440
5027
67
17393
69
76698
1713
5348939
4710
139531
381650
8892171
10443
219971
8033615
7002
1220823
700232
3986
2642257
551958
678288
145449
31576244
322620
87906
20941780
14356536
7725962
7545
3
37881
585
2740074
839
20
118892
31
14397
461
44330
18
40408
1556
4426540
1683
37
212948
68
26344
175
1003
718
36
210672036
8785415
6258661
35502
5094
1586
738751923
166188
987
8336
2314
17361971
3575812
30872024
30975
7767
58873
404384982
360174
2
1
16
1
2964138
1
1
8
1
12
1
36059
1
67597
8
2155944
27
2
268722
3
157
31
12402
6
6869
2562
6392299
2073
174
116976
71
41168
3109
1720
13313
3033
17102375
3372837
23084639
72478
12074
104314
352496922
700083
16132
270
136147
21054
3076697
44379
1332
221458
2722
368383
30412
158048
123
39859
6416
1512223
1038
1929
494205
353
24919
7831
100372
503915
102625
35292195
7168972
23046670
2611963
519605
2326808
593966661
22403376
473622
186
425368
1896
7732326
1845
1830
7679755
1744
43425
42507
877396
176
125472
59132
46643093
8092
15439
10551618
1975
1282298
358143
136132
2833326
608819
2529594
415208
26230192
2362427
500209
21168664
34679081
29081668
3173
1160
189
208519784
41388379
22596803
199363
37258
15479
3939811737
4179986
51
739
98
15278753
3824566
22240460
3952
616
8435
315297112
52073
18
1
41
6972
4791238
8822
1
184
1
115777
4
21711
197136
45402
16123443
3328877
30786043
1414502
265341
2624805
407749576
35517220
11013
138975
34025
15525280
3403944
28414892
608127
151883
1336451
391913638
16824493
284042
385
319149
2367
4415984
2440
2192
3806999
1903
40506
39884
47976
455324
100085
9862676
1653198
24545358
1672415
414354
3973043
149847952
24049044
8
220
55
709733
164070
29708605
835
359
6216
14574294
41765
1472411
4
183812
3261
42223614
325
162
8075694
21
50233
1917
126
1
101
1087
5285467
956
8
3448
3
23777
235
4027788
14
416019
2225
40724904
247
1920
27897066
195
51298
37381
4311
50
4037
6170
508912
3514
325
22320
159
18811
1575
236623
726972
25962
25280173
900202
5883022
7607122
348506
1872497
84127467
36231431
18
1
25
3874
6126924
2332
1
428
1
55621
7
7918923
391
264055
9702
5629197
906
10734
5416143
836
23373
20577
23066
11
10203
4242
5502350
2786
140
150939
101
46124
1805
5036215
1440
232742
187581
31228595
20364
93465
18908240
10307
2327383
1268997
161338
77031
24627
194494615
30087889
23582597
9945574
1942605
1334257
2591829373
187180912
101802
3
9018
536
5446710
81
95
135695
5
1337
332
110
140
6
69558465
3677218
5892553
12130
517
620
153593885
56163
23133
14562
3533
67861406
15068566
24988809
399956
82727
83917
830386783
2176797
6121
1
1649
778
14039351
266
1
83128
1
8735
10
23258
30361
4570
71345076
23720978
30106119
498622
131367
276387
1026813076
8113295
39048
3
92201
2769
12791483
971
142
531934
45
46841
3164
798731
1271200
236997
71639185
4810223
6131465
19367343
1395585
2016351
200607036
51947843
1896400
625113
74489
198722584
10095602
5569937
20358123
4003981
879251
533706894
42985862
383
1
23
159520
12879403
51142
10
1385
3
2508075
124
469
4230
35
33184359
6109443
25933155
8056
628
5042
374365819
99214
275
1
33
1125
38733024
164
4
4165
1
16569
117
104581
216
55485
15937
8808963
12331
1335
815165
1218
199659
16928
136
1
30
14339
13520510
6854
20
933
13
211138
442
2620021
225
452484
5075
21371634
2112
5561
13182974
1734
70199
60568
377
470
18
213168855
8394459
5638141
55109
923
1702
549069686
147002
16686
1
2436
589
1929827
115
12
20915
3
1440
27
1399481
15
461518
479
14010960
229
444
13409288
211
8514
8364
1302509
1451
307217
10716
2833626
12790
7312
2833552
12572
92607
89110
37109
12933
286
184083870
9885073
5651329
800159
13532
13165
528902138
642069
2075
3
23844
14
257188
336
2
10428
45
208
33
49
4221
367
17060898
2516303
24610192
5580
625
32389
164766734
95126
4
457
58
982044
170152
24566314
141
8
9998
12330012
1956
553741
264
117552
40744
13251307
10383
11301
4048698
2811
536187
195151
190
1
41
1969
46826029
276
4
6962
1
25123
129
159934
83
51164
7074
4610335
7509
648
612507
530
52074
4639
111
1
5
26761
13646330
712
7
644
1
64901
43
7928414
3061
958754
211869
33742280
23120
169838
38414801
19205
2422071
1785781
918652
1453609
518000
36893577
6611443
31442979
20662161
4749341
16900375
465049585
241228287
15983989
71
100636
5677
4012917
299
4817
3000100
282
16709
16294
12788
270
17810
14176
1807880
54637
842
130376
3685
184134
13853
22
1
257
415
783950
2326
1
192
2
7272
3
1908590
4950588
516609
32424839
1732774
5840443
43178456
5370210
8209397
78393566
95457273
2791670
390
184700
85329
31251187
9837
37054
17912521
5037
906649
513147
426
545
104
70324318
11463514
24009377
38974
7420
12706
833372500
1091644
4137259
7419
354840
193051
11050804
75548
216450
10893860
69069
2528857
2187454
72535
1020
441391
599
417649
8806
623
308271
8840
5599
5643
92038
2
7872
5112
46116059
611
314
1934276
32
88445
6305
2737
10
16280
477
371083
6212
8
8743
120
4698
86
1766819
81
567150
1921
14200041
626
1792
8452000
621
24262
24512
2335600
508
378382
13475
11274617
4623
13905
11772384
4683
196616
196334
3345608
146
246099
24411
37939801
2943
8436
13904783
1268
274959
86818
358
1
20
8247
12341547
2391
2
514
1
85556
5
192881
3
43326
1880
19403862
695
37
633276
14
32920
238
911715
1241
123119
61469
3602317
4664
32677
1905984
3611
129987
88842
2456768
377
625465
14688
15995507
5651
10371
13551931
4056
175165
144870
1328271
1
322228
94
18118736
34
19
4034688
8
1313
487
956
209
31
72424106
13522016
22797407
21335
2728
4450
833547161
391941
2744
257470
1602623
1127711
195430
28625934
123298
23587
2708519
14017954
1434446
24191
35155
12850
80272403
18067611
27764804
1235321
451000
474967
1173522397
28896224
59
390
28
76010898
25567600
24877671
6306
421
4864
824467517
68492
1
1
1
36514291
6362926
28947935
4
2
7
467703701
53
7750743
6054461
101
647004
16
5
26699674
559
273
46
1592
667505
83360119
3453070
27055
691
31656
2574128
78587
2607558
1983
197119
4207905
6026841
1127058
452890
153040
734172
12784469
4297132
2615739
554993
11926715
5869232
1243809
75301
714619
73495
11077
7749501
617407
101724
56405
650000
319924016
46160069
1224421
14969266
480521
148327
820602795
15533770
5312723
1251453
51596670
27411835
1961596
681691
7847520
2953520
212631
87233500
23946735
2469317
9348319
73256178
1354999
3131578
514633
53045
52770
81987
1175335
408725
363883
39437
397533
48444393
7633877
602482
521590
34865
6324
49805326
2681900
230830
20409
1725053
319695544
33204442
11347
10994920
12737
1886
960386521
196255
33414
37204
647082
162864732
1480419
335268
3197659
460947
28449
135276479
13045361
348140
474304
16224697
4327443
1727806
56
1849617
186
16
10428472
2106
164
614
6183
111027222
1381948
580
2807292
385
12
102336701
39848
196
242
36159
1095386
1475580
31122
588821
7502
9965
3666311
76724
74781
24616
238095
54273598
763532
180
3099625
903
38
55766127
5975
181
975
5779
18706076
50288904
618
517967
51
24
64888100
10244
1764
149
31131
1694336
1979807
6787
42269
101
483
1444094
1540
4930
88
1255
2200900
177679
3
9458170
94
9
6472316
58
6
283
166
4561157
1271319
37
287877
9
4
3953288
80
33
7
69
5744380
7884713
320684
111298
7486
3831
3733113
147886
131558
7516
113908
297681448
5454695
648990
2779400
464221
30610
263877984
33500108
652285
441184
33057244
134067251
2571559
7332
6598225
20547
286
104892481
287365
4272
9291
272738
106667189
37271
831502
116580
953786
427
5635020
34722424
3658
16696
1314770
2924056
54294
108913
3123117
4234101
219842
2671518
2295654
103888
3519152
2829698
351846234
12169820
1386384
2783674
355798
30095
325456444
12710612
993946
300814
12643901
1004682
63074
11693
12171617
2687648
239863
2568522
456314
27675
6696600
1192082
919929
10011857
1489521
202596
242235
860469
2304546
1937387
5725457
1862202
5030970
57317963
11644038
113427
2011000
19094
5209
143012630
1535429
288397
41391
4879489
116412545
1699050
11906
3684162
37570
1958
94136860
1130412
16903
31850
1044970
12775507
1621462
1
408085
1
1
12715436
1
1
1
1
605593
1435518
730639
94517
114351
62065
631288
639828
826554
50580
592786
292612
152160
32794
931279
185939
92957
870361
203149
61269
845260
558551
3984008
116883
135
3365301
5968
143
4046587
4903
103
2898
3969
45030349
93919215
259
966333
49
31
95278949
901
445
80
2517
1100731
300990
451477
410401
137433
109674
1154921
774630
459252
159090
601365
5888172
66840
668
2884853
8278
366
3795584
10520
634
7155
9600
4362376
3805653
12232
69667
320
217
4365738
7712
10491
210
8115
97865189
1257759
80800
4318629
66865
1419
99627450
1868728
33359
76346
2159754
103993982
2087257
248539
3350814
1040010
11789
110147706
17020193
150268
481422
15062894
208596
78342
12351
302179
166591
55924
189992
55866
18596
137655
58006
313188138
6785107
8696
2715667
5834
119
261174302
243848
9776
5640
257426
1272574
1011603
2101207
43875
88718
36706
1651992
1100237
949371
45621
1250194
314541
331386
469860
63501
52409
40890
330636
317299
314991
53374
317652
302176783
13203070
1753245
9314842
861296
163204
877569902
27953389
3986447
2760187
78286920
13879544
12177282
3
488884
1
1
36355627
7
6
1
18
20388115
4819828
66874
179853
2630
1306
20943234
343902
92848
3377
274018
119112162
1895548
269848
3490479
333495
20554
92220763
5901143
230944
277289
4437406
99760808
12786610
621714
8932183
2698526
180739
314903303
53071100
1615213
7820910
154315732
9120220
3512947
1
1019400
1
1
29489963
1
1
1
1
23811174
14049631
104
341895
15
1
27904933
1712
52
16
1523
141114
214124
12060
1731877
246639
100910
436555
48977
14709
797415
108723
84423203
8303475
1537193
9254117
4442746
446089
295218195
46177940
5833343
11513706
127413684
4095941
12356
4287
13085
882
26
191605
3796
50
14
104
50891656
3371049
712
687619
85
28
45823189
18594
909
104
19753
93468599
3506790
1229481
3653421
3661397
56310
105077504
111174722
2672338
4347007
125780172
1419291
1574066
2
89886
1
1
1426095
2
2
1
2
21058047
1263
48714625
73
3025930
98
10373
416885602
11841
1631
249344
14362375
876024
17413852
249238
6244567
495064
7227937
284953627
8144088
4072424
145966981
17654770
248
19298321
80
7262380
76
4318
375218894
2451
1720
103645
105650977
24671
23900886
57027
46852819
7798
3182839
2203243619
252757
1120094
63116800
11673768
210
10411106
163
4782394
47
5555
197262780
1580
7942
268356
15608945
5136107
29773613
334780
1899751
306558
11713941
196311284
22996375
1418546
108242955
108606032
5244
12384408
701
42955270
51
45432
1901795529
3371
29544
2116282
10160920
10527
15681525
4595
3777871
2277
74634
171477860
90608
31643
1283663
600927
11764
1329807
5864
2945800
14148
14043
8400014
29709
97317
225516
56296298
715731
5581699
2288294
40313813
255681
26742249
657025215
2967313
21787962
257698400
108702780
7035944
2979587
2397447
8172312
103832
34439828
339973967
1254408
5599006
106629301
106975548
47
10710429
144
41225455
31
1439
1869328417
237
1819
29928
2218253
2207828
15795139
197198
2272924
567389
2841311
29932666
4439491
2401281
32993880
4692871
1984972
5270461
208012
2860682
718868
2773451
48598751
4998946
2220342
38418596
19357894
140642
2862694
59173
1834711
18149
1095673
62938077
217702
180895
4303726
3614666
11444843
10477176
118518
110762
131165
6738801
8025475
9713265
351515
13508085
2490779
139954
3371259
34780
4711682
40820
176617
32264715
228032
351478
2408295
719417
18062
1033466
14637
3178993
23642
53339
9331005
62475
136978
361798
107849558
760820
10497437
521602
38335979
65318
14741859
1801866287
2233801
4958062
262539061
59621815
2903886
38221232
86954
7405685
164968
4676665
886808035
10112811
554911
32749945
11100944
824740
11676688
100158
2757661
418301
1975509
160477240
2521231
1196635
40605518
22313850
93298
52387248
3081
3796812
5937
243592
482989385
297138
49102
2688867
16377285
461018
3341199
182176
1561712
63231
2487587
66523885
480375
403236
5623111
22609394
1262886
31026136
30759
2906427
211535
2784173
381731722
8999862
423528
43227609
10707975
1583213
18865797
446001
4747294
610866
11276025
209465472
9659933
4900626
156347412
17379970
56819
23328831
18922
12948298
17505
548881
244952441
520886
310972
9782335
295579320
143
39882489
108
40228671
24
11455
4537562140
1937
1497
164210
1910920
241034
6527029
304930
3906226
600404
1186852
24794416
1357755
2879851
13119984
31908768
3767878
37418985
287387
4729733
527744
17671464
527688929
33386270
3943649
307591831
1050864
86919
4727906
54774
2194446
139712
134199
13919492
512598
382729
1143934
340536395
5880149
70534195
2548640
37715995
223091
141982973
4520347100
13910564
16838635
1886910500
1106714
1724930
12539709
60196
590636
234035
1098198
14610521
5841266
278678
6541253
2148419
1924266
14873870
175400
2242545
431214
2139966
29989470
11365033
2334584
27220259
108275104
56596
24732924
25308
41593310
3341
2066237
1890588107
208913
1133391
48846801
54324861
35320
8199037
154135
38536108
30597
570487
650019818
179032
553857
4667278
1467233
745
2309288
114
4753254
219
946
22544924
1654
2423
12577
275716329
1709665
38302773
217875
47386200
35342
7769076
4831084748
2127592
858601
35564386
22532021
64939
36282810
3860
3108061
4484
564944
432266392
375377
63473
7769364
12895845
80143
30514646
2370
1613093
3530
206252
178229011
382227
25640
3532437
1907111
1
143675
166
38887092
34
46
19551809
6
1646
301
657701
192
40457886
1
159084
20
35
13272657
2854
4
513
543298
9817629
29111416
1867
127301
268231
184374
11235135
16250754
41184
3680227
1404594
21828
257682
3970961
54817481
418523
1180050
21346070
163608
47563049
18923771
525625
38753
369406
350954
7139682
320769
289693
6374041
223199
4439233
3715683
2128001
8736
6025798
7688
4480174
11209
12471
30859267
27569
37269
79467
8095548
83197
10291190
12204
3763796
37324
375094
179035168
634838
97041
8021802
8887759
878565
9759769
258383
3800933
240935
4926033
154233869
5594996
1376487
71317644
113927414
297119
11807900
915319
40031654
79106
18169742
1451125393
1719177
5562304
208161060
23721483
88164
13230684
135
635579
7
17095
78986780
1335
375
67495
9313814
481
15204482
61
3709153
386
3215
219360908
10840
1263
92695
1495473
13329
14112547
214
595388
2944
7241
23948007
79582
2590
101380
43185217
509
38194311
167
3601383
145
15307
432561376
11879
5630
450281
20243295
275401
714293
395817
8435557
54427
2987053
60597158
389521
762074
5543724
96561884
836023
13134747
3233954
41878114
366085
78283265
1883253338
16791694
36506918
1397233905
338361
9953
20484619
68
135863
3448
2561
5199055
46504
1141
50606
283
1035835
15142833
128373
787
6889
52
38561008
123341
936214
2502
20856
111
110529595
423877
2504574
118638
209
1511
4650655
370705
664
3995
11716439
13221
38957
6787892
1068197
8659209
252983
22944011
223218970
1154723
38895452
158205
1620489
67198458
626633589
2387231
105875971
675951
3671463
3925161778
7104417
54405434
12026397
12033485161
18622017
156583195
30667687
765785648
2388509641
2837876
411367
234874
2417
26236581
15475277
39970
3301231
11245
3254
29268252
14836306
39250
3368197
7435
3028
368800770
381112
254120
64338
357187210
374001
237033
59778
6837041
6603768
77
368128
572372
24
592
689
1
6525109
48
147
636
733
1
6243002
64
116
10032
1
1
1906
10007
1
1
1774
1
1
8148325
1064854
1979696
5864
24031426
34708178
98123
6302190
10453
18815
75558439
105925755
240144
18922193
29267
56776
606847085
1083870
1893252
317214
1805354302
2950312
5843616
865236
32733565
93029709
939
420354
135007
65707
9131
4088
902
2571994
533109
148135
8701
3958
847
2761152
397121
147725
87970
9137
5730
2656233
89838
9368
3703
2685055
88880
91010
238
1500338
580704
87240
810
383
22
3479471
199334
43204
2386
1105
77
10803268
423630
96651
8525
224
66
591212
25708
647
184
2019427
1327
4057
7670221
1232593
23587
70120
27526975
609585
1078465
136210
266678
2179
93737824
1953381
2594689
418121
754853
6808
13424451
10632751
164554
35369
42903546
29996090
447403
123129
3473784
11494889
2933080
724331
6282088
91725
24154999
216065042
2886573
47780178
275733
2691732
24738102
205265276
2067809
36938083
384462
4213723
3961130412
16632343
147346270
24142663
4024181346
15249363
150014063
26239789
2403171496
2493850956
2765846
416632
577051
45174
24934185
26411302
952076
5048796
196132
164370
24425918
25165209
944864
7729495
172904
126059
502803367
6807453
7470766
1565875
486290254
6534231
7120115
1181822
132252982
123596190
309
318731
3190358
14936
2955
26298
53
36873495
83375
1029872
3154
25740
51
37708885
96988
776250
436803
596
5784
9108105
433387
564
5167
8659047
102509
96611
1313
318732
42237
20214
17070
1690
188
615633
97181
28040
14772
1704
178
492241
50476
14539
28149
555
132
48626
26883
478
111
39768
436
362
15
811566
804133
19014
126
186
2
6114429
58706
61821
121
169
2
6620155
33472
79256
2631
18
29
515017
2634
15
26
552812
580
578
9
9882
12999
804
2197
2043
14
3161517
56203
22696
167
220
2
353601
1250
1465
45245
203
192
337699
7947
28
50
40087
5127
1842
6
312286
2982456
28
95
1379
1
38602338
185
2792
92
1426
1
44987834
188
2626
47760
27
512
71751
45429
26
517
62659
21226
19979
2382
564413
300200
129008
21970
20647
2240
3781553
570173
421521
19475
18845
1872
3398496
397646
335938
303209
18342
17000
3953624
281552
17928
16202
3443370
258438
241970
2404414
891892
148090
78593
30039469
12659491
2198611
3032173
356636
155807
27520655
12090610
2123289
2618785
482700
172724
294519861
30473412
12336086
2386619
293298412
26833545
11831523
2605793
275725561
270843419
4272
1239817
967567
149519
14305
12802
574
4395933
84118
91320
39237
39238
1358
19221613
262566
200497
222414
2554
2291
694607
691326
7272
6415
2111064
34985
107391
2096161
327011
290817
4381
25184445
25092518
51973
4671342
11790
21353
22907906
24111936
50762
4379372
6436
14852
502207977
221637
648978
63581
463256879
201089
550561
57593
3514695
3131411
3298258
413348
3113695
78701
25021325
227679485
1158645
39091593
258272
1485627
25880370
214544953
1250425
36427069
267264
1704622
4019329005
8244216
77135453
13071883
4071204612
8678209
71508631
13745403
1021794563
1034701197
2899852
388841
284528
37315
25860274
16008548
1302404
3145777
234805
118488
24185424
15282454
1148116
3193831
176230
137082
347969120
12007914
8716970
1533465
324716164
11089919
7349539
1454266
187842582
173413954
9366
1699373
9040659
71651
34800
267877
685
45189748
166901
1541642
99189
737215
2787
155255053
701489
2664279
5804577
10212
67583
14853374
18095868
27050
188214
40083456
1520592
4707552
3491
1631616
9403043
86777
17528
145432
208
49166263
190757
1363101
57522
441451
646
234071447
482011
3059998
3286238
2845
22166
13255337
10460997
9099
70004
31850358
620080
2017681
260
914219
37156
205451
893
21
28
150979
133244
5445
2605
62
78
453455
457428
9835
339
178
10
40444
1012
509
31
115701
184
507
1678
3259197
2275746
2532
4972
6847
12
6374851
11242
18605
16744
20623
37
30300910
34525
66141
121047
202
424
356425
359698
592
930
989636
7525
22525
2264014
766626
47223
41812
24262154
1941260
2234826
349436
378267
22565
24363797
2091105
2272058
337141
390355
56555
37138832
23019606
1809227
308867
36547725
22262072
1763652
319123
34908827
35929813
227
416042
2787314
108844
3569
25436
181
50666824
698684
3686551
3320
23681
209
50423738
479631
3798868
608737
1710
13225
31860649
572888
1838
13309
29731177
245182
226405
2047732
533390
336227
25305
22690602
30565301
280350
4419967
71423
37766
27513083
26488797
259310
4565852
50047
43125
499937384
1144165
784180
177000
495708160
1216591
780380
164290
8232530
8540023
29
402845
291996
2
447
465
1
5449762
30
18
467
458
1
5425023
25
17
11911
1
1
424
10873
1
1
381
1
1
4
434263
329656
2862
45
57
1
4781567
11765
6090
46
54
1
4770022
7336
5455
1174
22
46
56007
1078
19
39
45116
1043
1015
6122148
2167616
1463588
177625
29732707
15152362
1326775
3358133
441773
109257
85579085
44953454
4904340
11978730
1055464
315132
371942994
15205991
7346029
1759718
1129026666
43967199
22706276
4932120
190834479
580911761
2401
707573
3412578
236704
15668
140336
1398
37554694
607057
8532232
16774
141651
1948
38055163
724773
5873702
2085304
12694
110857
40850498
2075431
13401
104686
35290851
1726050
1609495
1846178
122807
5084398
119239
6509702
213452377
1567951
8018197
75988
2901744
5602974
203109849
1404287
8442618
87318
2450710
736195578
2187520
110549383
3185670
688155635
2026128
97944023
2946552
217667164
198212248
734
1316456
552055
276176
3594
2141
90
3643876
369047
30568
10467
6377
234
11216992
926698
85760
54066
834
176
409432
164872
2614
524
1423635
3426
10373
2347313
448656
4430627
2
24780723
227601494
161
42848791
30
532
23917502
218776577
173
40517990
31
601
3996551580
5394
95931
21781
4015979530
5547
99956
22588
3397805
3513153
9368289
1781146
9755002
316711
29370437
226345782
2281829
43969236
511560
3839890
89516670
632644553
5923758
174531189
2905991
10205152
4574351600
21413166
152464831
35587330
14393339004
62362367
442080058
118109232
3256530129
9896357687
2190602
292027
205107
38064
25250090
14537159
3163528
2656425
335924
189916
24182522
14310273
3244076
3115132
496009
152313
313410940
24677262
14804605
2509859
305091930
21166528
13948165
2590137
300313444
291766519
626
376752
3821456
252675
5898
63719
638
42546038
1068886
17669808
6478
62368
969
42195462
660642
8043221
1537667
6639
70152
50331307
1567333
7080
74358
47784670
1646612
1769388
191
489391
3672051
6729
2872
28051
13
44064517
28445
155796
3145
31364
9
46363091
26725
172202
838353
77
757
1866330
857687
105
752
1664542
14432
16191
6
2213827
1460788
61
14
16
1
5999109
155
102
42
43
1
18173366
505
1060
163
1
1
1692
527
1
1
5009
1
1
2742347
348830
177908
47
24547014
15311473
1943
2846750
355
94
25223269
15260167
1244
2776684
191
86
318095900
14867
7274
1776
310305241
12469
6945
1554
152654
147920
10432007
1077215
15798692
133
22638834
221792360
924
40692318
302
1364
71198049
669484632
2761
122819587
866
3979
4013373308
10261
52656
12865
12551887319
30354
155619
38552
580459
1705868
1192
443009
2845440
180785
15962
117567
1277
48263532
1027879
4821327
16566
109842
1343
45115940
1071018
4257893
2471926
11184
77983
72396357
2462320
11473
74728
42340460
1535232
1508034
2186498
448443
2907191
3
24570976
225501675
461
39319035
59
626
27013002
210477177
486
40717152
60
642
4067659347
11701
144927
17551
3985797075
12487
136455
17824
3574630
3497848
1113
493869
443508
622165
16143
11048
1433
3495399
630397
300814
15275
10252
1242
4415577
359904
332229
202726
15846
10336
3701499
202793
16040
10315
3672517
201809
203401
4168
466055
2722561
126549
53136
402569
4965
43565518
697661
3251376
55350
379606
3321
48083895
616732
3907678
9050064
41183
296427
40567220
8960884
38539
291357
35033456
7104321
6719288
84
1366930
1628302
147239
309
428
6
7307881
628912
250406
1136
1346
18
25558203
762609
864816
7833
70
104
3003893
23328
189
234
9254237
1523
4237
3413989
569392
191208
7068
29561550
9524805
73081
2251313
14025
5523
28166847
10519485
116091
2473955
13231
5981
184825173
1182866
472434
83482
186055684
1241180
429267
82690
8892358
8901336
1041
494248
337536
2036
14018
10813
33
3661868
7809
7569
14590
10463
33
3695861
7897
8656
202906
225
197
50418
198850
252
211
56802
2842
3090
515
1544174
8588879
57415
1985
14345
48
47535977
136050
1187348
5660
46185
159
153762272
535270
3462397
317200
870
5885
17891486
1004854
2730
19115
61406994
173736
501699
2662909
447198
479209
94902
30314626
36322343
2374200
8065245
660679
549323
29794998
33056090
2806786
7603779
585885
511730
718404076
29794382
31063120
6617874
663245475
27238492
27930632
6298207
598394895
548089688
676
316109
134797
2781
5594
2748
3
2366147
507
394
5335
2443
4
2157126
516
409
48028
56
52
7443
46334
54
49
7326
1273
1219
2171190
399678
214956
6399
23105403
12507261
271938
2172748
80946
8503
22475058
11003717
189786
1959657
28702
12120
248567408
1978798
752940
124794
230613730
1687224
713110
120723
15316717
13843273
2474054
335081
216081
122951
24001690
17083683
2672745
3156312
750675
222473
23727994
15976430
2267297
3026412
476489
179223
345172345
19390002
12181455
2193961
328031593
16119006
10792931
2123049
223099359
211436046
17
942477
426978
115126
137
146
17
3916432
340377
330603
174
135
20
4028451
360631
297892
1816
146
128
3381542
1987
143
131
3753576
1718
1766
219
3246577
21701636
7703
325
2335
3
50310814
14952
61719
1609
14402
16
273869254
64366
307836
52433
83
554
526197
281682
563
3346
2794231
23029
163211
4390
2993878
535370
140718
6629
1270
1022
950354
422861
112348
45175
7150
831
4886871
465384
129026
17563
2174
512
309054
104173
3551
665
551863
2047
3679
23805
32720929
343656624
371
3057
28085
1
42396757
169
1322
360739
3588975
20
4654322651
20099
112521
533121
9
131
35195
81826136
613
11821
3169986
3834
356541
83010472
13482654
7570885
3483803
25842665
16275177
2524153
3045317
503534
317323
863337605
718139637
66522817
131915107
12912896
8585592
352560739
25206496
17529474
3423379
16632799089
896270644
696352618
136554481
353154333
16422291925
101776697
12216403
20569341
37940
23601231
34344067
27846
6684857
10595
15727
1017382810
1607866845
3040900
298715566
452105
952261
590171889
585393
911788
238292
35727905575
41164786
98469051
16683950
17787332
2301686476
228269825
31931172
13376257
110334
24930088
8664555
119549
1986488
11747
3972
2497682469
955704380
7019487
177246783
951561
398977
154041333
961088
296617
57674
20909310318
104732752
35604032
6423441
5613453
814528571
77680618
23884035
7924220
32431
22737106
16896985
163546
3168633
26979
13948
1029692101
933636008
388062
180968861
87479
34917
340714525
630387
384772
76188
24102523586
2184980
2011930
348371
5290543
54902116
70320360
10160353
103899255
3466793
24219037
229247298
1387213
38546606
257409
3136798
1009817927
10716980432
35511210
1903684643
5956817
54554552
3927390549
13928919
110709987
29200365
243406051494
534159501
5621386995
1060967132
2200976186
135457570819
44833394
10839710
102208951
1973776
31562739
230986441
3486810
135865751
1289281
4751013
617198489
4730022533
54808795
1067807348
15351198
90306021
4700784573
29669149
178380437
43429338
114260481693
510540246
3804945223
972937264
3628152147
84100607442
64294453
13355740
13507072
167095
24413544
24592714
127731
4839518
45724
32965
826342319
1048917694
4004081
202021238
811799
643760
500286396
1674027
1435544
307344
23720175316
55122599
69224509
11942108
32389440
1768733370
3658
13671375
136519010
3441796
1839
12215
159
46878098
795925
2284809
60292
512614
4523
2233010704
22648306
107747520
258578
1615
11066
46462457
13715233
59172
505988
2167162468
255499
13559196
77537718
13077269
100243589
215
31083918
216088261
671
49835105
342
626
995448825
8125883657
22431
1791099390
3727
24647
4647958772
10116
72160
11373
208633103575
410062
2866095
552040
1506049
68982088
32676346
7357777
3521211
1573615
23730953
16349334
2963630
3271764
323669
190086
382530429
283492429
17175103
53636603
4107465
1830316
345947725
12707862
7687006
1512906
6427747393
150574803
116530344
21871480
151028509
2662219661
202058537
47134362
306291105
1140634
28431602
242709063
1310321
44162628
120185
896862
2540712634
25218137107
60888518
4391489319
8877150
100659903
3924035373
6815813
55014981
10060461
564116778970
934777469
9127561973
1547745556
1158030175
218658790919
31096173
4822440
41447979
2684494
24328581
219681621
2420459
42414156
1951345
3948682
327554854
3000238125
30957802
553046739
5125102
34915123
3924499566
25549096
201306826
36206264
57359980915
308499677
2855991344
548742297
3756438423
56837205976
18289
39861644
335934491
223587
1816
14742
126
38577028
87407
382954
169775
1775169
2017
4838319020
1886930
6136076
300113
636
4483
2740197
41285745
19749
104549
103097977
34971
1301862
73098346
12863300
10380883
2075682
32001773
16555400
2491942
3899459
381981
182007
1168859030
987761884
47203333
213917855
7779904
6317355
379885328
22951279
12111516
2586218
28104024410
713449194
661030769
137371775
264982053
18083658556
52
1744806
17691401
669562
173
1413
13
37369829
536220
3678956
308
3545
48
212883458
2053597
16514149
19797
80
699
29435563
63956
236
3310
164237051
10531
44205
8587
13661085
14858760
440488
3969
4153
15
8040773
40250
68994
123063
117485
602
274996775
895388
1797240
74760
187
299
687255
2722970
9716
13696
26696141
6920
483485
8396
13440109
1886225
6953677
252
52
78
51477
134968
19523
20584
4717
6274
4044303
7714944
1238882
177
239
43
41812
17266
18364
3167
3055506
118
11726
65946378
17189560
20590905
397
28094040
35998785
789
7401092
84
91
1192991363
1593953944
21503
363175621
2366
2078
730839763
8019
6796
1494
42706675026
408845
305869
61308
226128
11171423
79631667
16287631
109048648
1145946
27997298
211616671
916107
45297281
333906
1391129
1247722017
10279960989
27399474
2272374167
5850454
36347967
4720776841
12469414
81726801
18769310
286401835701
430252679
3744165439
801808247
1772534522
105281795543
20994
11676653
3953176
1049554
7511
2460
85
1699961
174459
51768
258528
108200
3986
67600027
3984726
1088222
45498
1012
302
370170
2965929
69405
24866
19541231
6154
761917
3841
13052442
118472123
15102
2101
15019
8
50312201
9819
71510
55724
436065
145
2217241774
277024
1576669
270042
101
697
1053069
10524141
2585
20736
35148602
14174
569740
501
5145876
71488580
21952
363
3276
5
39010776
14678
100836
4652
43617
18
647670228
169437
1143518
50447
13
95
1268954
744555
161
1472
22089996
2040
33279
16531974
2460901
21629885
523435
23765154
214117362
2102138
42755233
280525
5063684
163244569
1461182742
14321682
280171361
2123875
18943495
3985814671
23982961
200135780
62534561
29381336681
162266662
1462033060
273235884
3817005317
28744809935
71063800
13362916
107605132
198
31515916
228207495
135
55260457
24
424
1190599270
10035221020
12429
2191208060
2003
13169
4690691289
3864
28460
3639
286318690392
398375
2852493
441633
795843
87218948
2403
55256952
304104993
29667704
401
2760
10
48792181
580877
2376611
43219
330999
702
5420353034
28355995
157269680
60368
117
949
31798396
8174966
14276
103799
3253643359
19845
2583334
66654943
9542955
105924632
29487
24089507
214571146
49873
38787431
5747
66761
846193135
8288783410
1502723
1504443517
186261
3209489
3873379110
456380
4920058
1000495
179102560957
15826493
187213223
40512816
93028376
4023040814
197997484
10186977
567675
1966062
5864204
619802
749080
16762
65192
541
538706324
51588941
35153466
1241146
2661741
65815
1360968
1111026
46385
1259
124058416
101307493
6082410
141886
117190
15163304
378
12079022
8219224
620369
226
273
20
2537516
259449
156361
8827
11101
392
160240682
8463913
8192325
7279
242
258
3818736
356208
7260
9042
153287051
5681
279839
176
403133
327627
22583
2589
2919
101
4462455
211229
136734
1944
2324
67
4619038
171481
198872
53875
1139
1261
2031383
48635
1014
1257
2502646
26010
26765
110421
20922090
4301417
6300
41180
10416
6
1881072
695
289
1707275
481166
180
76365874
24293
8366
223750
44
16
2172
12227795
1937
723
102676
228
14642
14016341
2651665
1605826
15
24995150
16240353
325
3454383
45
111
164070522
116991199
2073
21922973
326
764
346677193
8582
25608
3517
2621573658
79274
194198
28455
897992
6248178
208025449
37888600
321916880
276271
24439965
220147068
117904
42100824
18193
161526
2558817151
25476368164
6059937
4486090007
862697
8849949
3930101604
720715
6209742
1308849
565970338830
46316564
497013254
100569514
103302200
10124635535
38801477
5588147
58274501
554400
25096301
222725734
2138970
42957164
421576
2832788
427872637
4198813805
19565931
752757576
3186450
32880956
3936826082
19193602
172944030
29870847
92285725389
239599569
2778177191
505507142
2832753691
58062778454
41491
16838064
102368106
1504348
12598
110341
1062
39124137
598705
4790823
546093
5273268
33819
1891391585
10112540
89033146
1979162
11020
102411
37796680
120467790
487519
5259537
1502571751
1859102
115617409
64203552
12483327
119075978
524672
29668268
231619657
1227883
47529030
259760
2006373
1227175221
9976523041
19713458
2196009346
4016250
35050572
4643655879
12487940
94028301
21348795
287362558965
244742355
2438503940
548768072
1678229376
63121310806
193818957
37500836
26417616
4623968
23925644
16467415
1898563
3369692
366614
167466
2584130412
2244220728
124068995
417361907
19826180
13371817
351207628
14348909
8989715
1781706
55238700934
1744122593
1531621853
268200549
218154065
40206288442
6570524
151167
322536
3740
5848961
9624332
123112
413858
19520
23788
9483982
19903117
116460
716344
12107
17689
32878362
387600
465655
56930
77902243
363755
591065
43432
2089836
2700098
11
399046
474096
55241
163
238
8
8570176
604158
388567
69
120
5
7198523
362145
428478
3491
93
109
6764915
2020
44
74
5489692
2031
1287
236
2708016
113822162
378367
14
563
1
9419213
21422
538855
741
37308
48
351771791
961443
36746383
1955
3
88
1967377
135993
167
6518
131406893
400
29260
542666
127405
893549
1
28352361
208077246
242
47306479
29
282
9365498
82372989
111
17945549
14
124
4662433264
8166
76612
9502
2170137219
3760
36336
4345
2694062
1220140
72215
61856712
32753922
6787124
9124
6629
667
4604239
526056
421968
863013
600195
80230
479501432
36224035
37699739
121239
9173
6083
5552305
14687588
831866
596296
494358116
117056
14324333
73997395
11184600
299039
1103290
26440223
725013
1135062
129368
146396
1083
834342708
24091077
25950561
4709822
4251706
38626
13275023
7499646
82387
13346
523649298
236021404
3122409
623981
1679598
73523575
280
2472416
19281132
35928
237
2099
2
45527736
23491
196738
1707
14791
21
263414597
209865
1223143
40150
61
561
1862086
218625
791
6128
17305014
21570
298773
88036
36837687
24236244
2960110
11091
7915
855
2807169
459594
196259
1127325
1058342
77750
393522235
56463702
23252337
159029
9236
7245
2785055
24512861
1066269
1011024
381601145
153651
23749126
3258
774480
478210
20768
30731
26960
270
4889985
68081
36511
36698
37715
254
7661403
75449
41566
508501
1529
1492
348156
747541
2244
2333
557158
24717
40821
25005
39128648
77262870
7528
2651
4585
19
4941838
318
904
360240
831588
9184
597380139
70304
200220
110255
134
581
19402
23586872
48004
207303
7900798
19275
7182738
222
11894887
12060303
740800
101
137
9
4560363
206019
74288
2987
4565
267
246542419
5343026
5162876
2177
96
106
1151430
91471
3877
5321
87386476
1727
107025
146
28170197
321863843
212125
23
243
1
42194753
18620
180691
3990
43180
52
4678591045
1244627
12718065
6438
12
70
1789122
1152423
1141
10732
186042177
1828
302134
3933
48262525
45243637
197
576
765
1
7134893
24
63
56963
85625
1
882928505
5344
10035
16028
1
1
1167
2206978
12
19
196119
3
366
3923
7250182
4030354
14806946
120
96
14
116349
175766
21902
13108
15061
1481
12585793
6440393
2124987
349
37
27
61794
59856
4985
5259
7703361
98
22659
21427
3509158
1359281
7442
1146
645
4
102031
121
167
39813
22551
65
2631369
3109
3600
1928
3
5
182
72906
71
108
4971
6
149
20020
36835503
57352659
18597
3367
3431
5
7548686
2496
2480
371644
409040
169
834016187
81889
96240
75420
31
30
25748
10740791
1474
1650
996370
397
24451
7404221
42283477
76139106
1175821
8408533
8772080
236291
213272713
2065249
2386273
123384849
193591492
7403278
4040875687
27289345
41307984
837109154
5081783
6276073
112703958
12158438071
83073670
121566476
2093972896
347946041
6232222285
1157858
16
101169551
507
1
2386680
91
52
1
1769
16
91794102
489
3236
1
61181
52
1
1765
2
3081
1
58629
125
2
116
1837627
61211972
10540428
129587
2177147
175940
7073
16047728
137099
13482
73091934
11412215
89069
995202664
6321146
713332
18161335
117099
14058
1031635
937555935
5620655
646836
96471704
912184
90753687
1235156
4193
44442014
1148874
348
3584534
294509
24911
300
3314645
3918
43088853
884777
399068
4288
53610843
26269
394
2530120
24612
385697
3807
47317275
397196
24760
381217
73757484
993
30095427
405496
45
1117324
10633
146
1
8020
3025
85917123
911854
14372
5
1338722
457
1
41104
1
43552
13
2621576
89
2
272
6276232
57913
38068752
348157
619
419205
20288
8429
29
22534
56626
30478305
438554
839020
3309
2367019
6988
39
20785
294
803722
2693
2337636
41284
271
37992
1547871
70723
223947818
1546069
2973
4574067
27612
215936
544
728046
73484
103517483
224068
8521654
8286
13930599
222743
702
729869
39195
8328773
9649
14216285
1216171
39478
1243856
1407486
94670803
103505571
403323
2177941
3149323
12519
215361922
315571
525700
70342712
129112408
204423
8151556278
9166230
14337533
209136922
363253
465009
25567387
7693865502
8640354
19730083
871306828
23673876
802824180
1070770
73679385
97409747
1792062
2436880
3107640
238698
223128464
2730832
7818463
67807526
109224943
1382590
10289999254
56970070
82740550
218343921
3035605
5262015
172149567
9733602173
44209259
77615887
7152947136
158991893
6797524039
7654520
2
6627960
121368
1
552644
14678
1
1
12073
6
22219615
530637
17
1
365362
2
1
46651
1
49
1
1067651
2
1
5
3976916
24460
27518988
2563894
287
179328
32530
1725
131
173638
23188
20399217
6172340
202985
14813
17898373
1480
138
154926
1173
195546
13334
16790252
173322
1121
169658
2523800
4526
5200550
8358
1491
1605925
2652
6386
10
4180
11157
13967845
52687
55358
202
47480
19059
28
10265
55
171416
298
112085
744
171
2292
2559432
687
49677049
88071
177
9240935
24627
7269
15
358363
2417
147483802
159981
98086
130
5998525
21667
25
748373
925
301336
380
15405821
16080
2451
52081
4654621
19276
6669222
3162997
478
165790
104126
5129
345
195458
13718
8761578
2140762
206721
16659
5021758
5158
421
153333
4480
190474
11224
4767968
176972
4039
169071
8779434
29568
118205113
11836768
2589
9444485
883766
68302
1656
5601809
82439
309820756
11082593
3155348
25276
120928064
209431
3096
16804667
70393
9632359
68897
351618475
2654781
199589
7974520
6915582
211322864
1682193
2751025
2177622
21594
37051
1171117
267712
2979
197063491
1601329
2024400
107399414
15143860
159467
1223753
260008
3313
43243
105761867
14818778
161320
2273168
43360
2324555
3921528
630
15441573
1613209
70
1809102
444720
284
35
799376
2645
70838535
22003984
14980
1191
15912788
891
133
2241953
494
43633
4687
45706316
21779
1255
54075
6510607
100581
99255916
1807675
6793
10922830
150895
246237
2203
4351797
233091
332259516
8688888
10257746
68793
91460920
710197
5555
7649577
227964
32147352
187203
272119423
9676091
671384
29500707
2439121
4668
281897
8904959
105
7670
216492
53
166
7650
4410
289208
2880494
2056
2071
250514
48
80
7067
22
1913
2553
204613
739
21
678
80047525
1972
316450159
5162069
61
9713726
289582
2223
8
4041938
6317
921738864
23323284
278991
501
255911130
7191
26
10875463
646
844466
1725
744354642
72674
1853
215229
2376687
77761915
90477615
486
2084000
3697848
9
228510379
204
88
74697719
91845899
490
8074217222
8644
3104
213265479
177
93
10214
7873857370
7648
2943
361903
9905
341798
5233129
90238332
214845
220455
6657467
44451
28640
778119
213820
511
207431406
656991
2273507
19089043
11059165
14998
2428152
727668
1302
35435
59528041
29370801
48494
1674513
98603
4942389
315788
16052453
21023292
24122
2224123
2958727
3206
221407815
54563
83365
14960116
21574897
14253
1490526650
414608
623402
231304149
52851
100263
4634034
1493081446
463375
775437
45939849
5025593
46278638
4225950
568
51311549
8865820
6
616562
97711
83
4
620964
585
46841937
3480077
10960
319
30698581
92
4
578463
45
11097
296
33124891
4899
43
4992
1658657
1808
88928514
28
76
2592116
2
6477
1
211
1725
84159546
27
257741
1
1489
6376
1
408
1
240716
1
1253
1
1
1
2972669
85254275
7868713
922655
6728702
602287
42489
14564646
673835
37207
227036030
23203609
1793162
909979330
28164766
3433644
47784883
1870848
245699
4420928
2806528648
81625475
10638742
395551283
12384865
1220664871
2118339
23281496
763701
4676
8866028
388137
3095
5290279
19309
1371
63040975
2586083
14917
44395491
99826
6993
13889296
37250
8755
27545
129896709
182991
31652
130837
74261
388704
1869504
7926
102825732
1326676
205
2401554
159835
24706
219
3466480
7501
91168623
1198214
1327084
7271
102865850
23439
191
3156130
24678
1217430
7189
95681570
1354584
21998
1248690
26874
184
11305
536
565
22714
768
205
6
183
172
8617
941
92
1
89
187
2
200
1
87
1
83
1
1
1
4866782
11131
323177363
868
148
3443341
3
12286
1
188
10918
262544049
1356
1278204
4
43913
13464
1
213
2
1320330
4
43058
244
2
269
6635725
168078926
3298061
14
2677149
45489
1
2164788
10
1
212650030
4145781
14
174324186
821
10
2366817
10
1
10
179462728
855
11
816
10
853
18621843
1913
307098424
1165429
58
11168692
88490
1577
1
1167997
5058
910746314
2599926
177356
94
38389852
4743
3
1216257
85
533351
351
103332730
8977
183
26315
3363126
781
282286934
869204
12
3730876
4096
1125
1
91024
803
340833300
641056
169065
3
9951951
1064
1
71355
2
160351
3
8543442
128
1
113
2552747
21974
105542363
369312
581
3841522
46065
54603
40
268015
19327
107639852
420333
3151148
811
4398285
59364
29
448266
1069
3191980
606
3356502
54501
1106
57554
3526180
5944
8441772
39
611
539367
3
1496
1
21
16463
27568642
598
57781
1
550
4045
1
61
1
172028
1
1453
3
1
7
4571128
140865
97068279
1671
16813
10990199
845
459105
8
6467
467504
306883831
4283
19362156
91
100917
1493658
21
18789
370
58283504
279
279054
11289
1033
33345
7207140
9595
296004479
4665920
125
5327135
27592
9111
27
1433845
11565
314239480
2230407
998557
3231
110720513
9797
30
1353627
2543
1038796
4135
117855907
445892
2935
456577
1407755
39
10003338
3408098
5
223287
154231
57
3
168233
39
9564355
1116568
927
52
5258459
59
3
144963
19
1021
47
4425897
523
18
498
72004
210053148
352616192
149614
67162
125218
7
231268290
84699
117083
10720075
15919966
6084
25155349869
12919628
13200997
18482527
1361
2647
9818976
2971355311
423458
783011
1518976498
512244
154214678
1347011
95091594
3097704
13957
2177859
133529
385
5141064
11905
663
63768023
2484788
9120
139449352
285620
16085
4662121
12783
686
23402
129499509
263967
13186
625957
21369
572419
3494672
129294
563982
1503476
15591
57610
129620
2834
4826
19923
339767
1565641
5006195
78051
108859
589969
8639
17945
69638
2481
234383
372023
1447566
74810
7725
231880
75546365
191964602
36777510
200466
9829021
1037966
14033
26623378
93155
8158
576405025
97235319
910897
3277354127
5999763
866234
75020639
211485
30025
514998
9919943547
12989276
2755371
69812518
1461125
209417966
3556484
7645
35779064
3074
97
285848
17
1474
1
533
7165
36903007
3085
223479
75
115190
1356
1
493
16
218531
57
116981
4831
15
5581
4823
22151381
28795058
715194
135909
116482
9190
219406742
2100445
2343487
582836
969288
7977
1872669219
17904931
25905421
17725540
56702
157038
226190467
146805218
543601
1849711
1847195361
17670422
155619323
7668364
207722766
315618645
1264287
2656048
4131191
3297
210115122
57336
86493
229926920
289259865
889790
24789941543
5966494
9380198
218629054
87469
131947
3602320
25378192223
6883825
9437620
821429383
4518047
858593072
447595
85
4213472
25460
161
12570062
614486
4951
29
2049673
219
12522439
77090
7395
5
580772
15086
76
6855442
506
21529
14
1359863
134
1384
387
3904530
2955
28438826
193
27
181174
6
783
1
31
3181
24700412
218
96563
32
6598
604
1
37
10
100958
37
7443
2165
11
2254
4251738
25
54992413
128196
4
16402562
6787
352
1
90096
72
128510009
73704
9697
28
1783668
1084
3
374391
255
28474
89
4317807
11838
952
29339
1054329
3764
1718779
946977
341
146393
65722
1279
278
127466
3088
1325617
455448
13762
2215
912616
1205
273
108805
724
13564
1681
778387
6126
653
6019
1351331
395
3735595
1
242
1960948
1
999
1
1
1124
10399228
1
6673
1
1
3307
1
1
1
20602
1
2
1
1
1
2015699
13578
16703072
938
614
344873
19
2937
6
305
13356
9698017
7733
184605
640
38740
3263
6
264
178
180862
499
38880
22771
162
21916
2882
110314
154764
1664
2322100
11450330
171901
212264617
2479284
2687551
124090
187178
2737
14479447
94561
146028
221025159
3223200
3230765
209835442
14690623
84368
166918
12825504
226036160
13005188
2256126
108
45838438
1844
17
9674867
30
774
5
1560
320
138525442
1444
15706
169
54764
2348
12
3817
1192
46332
497
143698
46871
3575
138168
12478752
445092
749782
5944244
15930
29422
287410
1373
4645
5303
1402402
2006667
21173038
106325
332723
341771
4216
15173
13948
548
328435
1040400
1318042
52832
1544
160354
3698123
48475043
5153545
98952
10834574
1112197
16464
19931678
128787
22289
121760887
18775084
288286
388017162
1971492
277009
61574158
396810
67131
780913
1152750197
5841280
984498
15339478
2481409
45990817
136
2
152
8383401
206191307
2449557
147
21268
162
181071077
22536
1900404
69214
171
1094134
2776
266
703885
1406
207
2600
1439
84933
26022
749425
3726731
13138322
8289066
126787
2550531
1254303
43295101
7049337
71
2
1
25535197
58697
2179
272
1
1
177570
1
17681
598
21
1900822
92948
2951
18191
547
24
89243
537
420175
111384
1289623
2628754
65012865
1977906
410929
18435828
1222825
82322865
19223781
4776
83103
80
44981
48
590
18902
29
267
149
80
17759
7240
13064
1262126
15974285
10743553
48452
102053
38756
47736432
305406
8
2
1
4171284
74497
10047
19
1
1
258092
1
1172
86
1506
2254876
58915632
2927743
1331
37997
1766
55568813
41828
494
13
1
2332978
2948
99
281
1
1
2450
1
1054385
133738
21
14651508
19554
653
3371085
1062
65
52417
3970
135733
1413
12
3433266
15819
257
93129
810
11
15151
897
25165
1391
1
439692
26
9
7635
1
1
30
1
675504
11234
382
2789970
333357
4527
404218
9060
239
351097
10119
2106465
91111
1552
2415611
22872
1429
1297355
23051
1372
19567
19811
3767
42565
741805
72687
850782
2209467
8703
130057
697084
824850
106258
44
3592
2
1138
5
100
31
1
2
5
1
25
167
1
23796
54
138
26
1
1
55
1
7620551
55134
1077
2976849
77269
875
3655053
64237
1020
120943
59479
1230
600
1
24725
118
275
372
1
1
100
1
40
34
1
410879
4
9
167
1
1
14
1
68515
1552
3
6245468
3797
44
105563
176
2
3427
166
1438
6659
101895
22302
568058
2595043
975
27229
218193
529686
20680
350516
1700
75
4847166
99400
1457
134975
5085
82
100743
4683
9063
2031
4
6247506
30099
2716
47955
51
11
84053
146
545707
131477
2433123
105514
6269002
4422963
302050
5807157
1754632
5708096
5155679
5
4
1
561859
5
3
11
1
1
6
1
4773755
48459
1393
3322262
78729
506
4841363
58104
554
56257
54385
3323942
335067
2470862
3374474
38937894
6901316
6613846
31764619
9175938
104582603
79562219
2913113
161011
1656
1832797
100615
1545
1126729
41044
1966
67011
38786
185
491
9765
50614
1586744
2287071
287
4784
7472
1132310
4653
299757
61704
31
419654
486
88
281974
152
33
462
205
56
16
1
5842089
73186
11577
216
2
1
197964
4
29644
11160
55
2517962
56262
14789
67153
515
157
157245
1485
641277
104668
4
8215723
1321
33
1169684
131
10
4122
572
8826
46447
143
174705
542
3628
28829
94
382
1937
269
11552922
307812
138
20615580
8369
391
42873837
6600
274
24947
36342
279850
73390
54
613615
249
72
485935
208
44
319
138
4187718
383288
128
28184045
31656
1067
24105308
9255
320
87528
32384
2641029
202908
244
25486949
64301
3245
8671545
18984
689
200735
47659
67
2
1
7196231
21214
438
51
1
1
24289
1
2087578
47020
120
1885070
3478
145
1351371
2418
115
3091
2504
151
2
1
4874176
15815
183
162
2
1
12317
2
1139756
707507
138
1216473
913
467
2925040
690
424
2776
1924
311088
8102
18
4655462
15228
160
241261
561
17
14864
588
2759
8
1
966031
59041
3461
1241
37
1
51217
34
18534
1268
52300
1678836
39490424
2241672
13809
644469
55525
44336526
604182
5982260
142084
1275
1331387
48840
1584
3970043
37759
1247
45912
43092
1582693
510130
384
1767825
1125
586
2866978
2570
1220
2793
5736
456500
296963
36
36019905
1745
507
1398400
443
98
5574
1424
457057
60678
223
1751245
25257
816
806758
5161
233
24177
5084
1
1
6
93850
3205438
2609043
1
7
6
2923826
7
351
14
1
17539883
93
2
488
1
1
93
1
37228
10298
72235
1625574
84256721
2484047
377786
2907927
57668
68344419
2676505
9447
40819
100122
119045
1896759
6987015
28057
78328
390655
6523007
211302
5130
619
12
2198416
69673
2061
3564
428
10
74658
387
55202
593
16437
3152412
223620863
2595565
110521
1531147
14780
233748504
1673495
76
5
1
1335635
665
37
79
1
1
700
1
1679849
226630
340
4729984
11519
1010
5967919
9238
1410
26729
23716
1116630
50274
26
1466790
563
21
965707
645
22
563
556
19654
682
6
1799858
19938
622
56610
224
7
19192
228
74260
8070
1
787845
5
1
39059
1
1
3
1
4
3
1
575124
2
2
9
1
1
4
1
6148944
47512
164
2051409
16560
444
1073685
6752
175
15238
6006
